Frequency	Permittivity	Loss Factor	Conductivity
(Hz)			(S/m)
1.0000E+1	3.3217E+7	4.4483E+7	2.4747E-2
1.1220E+1	3.0577E+7	4.3225E+7	2.6981E-2
1.2589E+1	2.8140E+7	4.1705E+7	2.9209E-2
1.3500E+1	2.5306E+7	3.9867E+7	3.1328E-2
1.5848E+1	2.2581E+7	3.7754E+7	3.3287E-2
1.7782E+1	1.9950E+7	3.5661E+7	3.5278E-2
1.9952E+1	1.7484E+7	3.3441E+7	3.7119E-2
2.2387E+1	1.5274E+7	3.1315E+7	3.9001E-2
2.5118E+1	1.3252E+7	2.9160E+7	4.0748E-2
2.8183E+1	1.1424E+7	2.7049E+7	4.2410E-2
3.1622E+1	9.7908E+6	2.4995E+7	4.3971E-2
3.5481E+1	8.3425E+6	2.3023E+7	4.5445E-2
3.9810E+1	7.1052E+6	2.1133E+7	4.6803E-2
4.4668E+1	6.0091E+6	1.9322E+7	4.8014E-2
5.0118E+1	5.0773E+6	1.7621E+7	4.9132E-2
5.6234E+1	4.2788E+6	1.6048E+7	5.0206E-2
6.3095E+1	3.6059E+6	1.4572E+7	5.1151E-2
7.0794E+1	3.0294E+6	1.3188E+7	5.1939E-2
7.9432E+1	2.5439E+6	1.1926E+7	5.2699E-2
8.9125E+1	2.1375E+6	1.0766E+7	5.3381E-2
1.0000E+2	1.7866E+6	9.7008E+6	5.3968E-2
1.1220E+2	1.4955E+6	8.7559E+6	5.4655E-2
1.2589E+2	1.2520E+6	7.8835E+6	5.5214E-2
1.4125E+2	1.0502E+6	7.1057E+6	5.5838E-2
1.5849E+2	8.8171E+5	6.3824E+6	5.6275E-2
1.7783E+2	7.4406E+5	5.7327E+6	5.6713E-2
1.9953E+2	6.2241E+5	5.1374E+6	5.7026E-2
2.2387E+2	5.2775E+5	4.6166E+6	5.7498E-2
2.5119E+2	4.4615E+5	4.1321E+6	5.7744E-2
2.8184E+2	3.7829E+5	3.7017E+6	5.8040E-2
3.1623E+2	3.2228E+5	3.3155E+6	5.8328E-2
3.5481E+2	2.7459E+5	2.9732E+6	5.8688E-2
3.9811E+2	2.3708E+5	2.6660E+6	5.9045E-2
4.4668E+2	2.0315E+5	2.3865E+6	5.9305E-2
5.0119E+2	1.7476E+5	2.1349E+6	5.9525E-2
5.6234E+2	1.5010E+5	1.9082E+6	5.9696E-2
6.3096E+2	1.3014E+5	1.7072E+6	5.9927E-2
7.0795E+2	1.1302E+5	1.5251E+6	6.0067E-2
7.9433E+2	9.8217E+4	1.3629E+6	6.0229E-2
8.9125E+2	8.5901E+4	1.2187E+6	6.0428E-2
1.0000E+3	7.5035E+4	1.0889E+6	6.0579E-2
1.1220E+3	6.6079E+4	9.7390E+5	6.0791E-2
1.2589E+3	5.7945E+4	8.7005E+5	6.0936E-2
1.4125E+3	5.1258E+4	7.7812E+5	6.1147E-2
1.5849E+3	4.5563E+4	6.9593E+5	6.1361E-2
1.7783E+3	3.9765E+4	6.2257E+5	6.1591E-2
1.9953E+3	3.5723E+4	5.5869E+5	6.2015E-2
2.2387E+3	3.2303E+4	5.0082E+5	6.2375E-2
2.5119E+3	2.8787E+4	4.4794E+5	6.2596E-2
2.8184E+3	2.5854E+4	4.0102E+5	6.2877E-2
3.1623E+3	2.3171E+4	3.5900E+5	6.3157E-2
3.5481E+3	2.1021E+4	3.2160E+5	6.3482E-2
3.9811E+3	1.9021E+4	2.8776E+5	6.3733E-2
4.4668E+3	1.7188E+4	2.5754E+5	6.3998E-2
5.0119E+3	1.5554E+4	2.3038E+5	6.4234E-2
5.6234E+3	1.4171E+4	2.0641E+5	6.4574E-2
6.3096E+3	1.2921E+4	1.8505E+5	6.4957E-2
7.0795E+3	1.1854E+4	1.6583E+5	6.5312E-2
7.9433E+3	1.0821E+4	1.4863E+5	6.5680E-2
8.9125E+3	9.9713E+3	1.3309E+5	6.5990E-2
1.0000E+4	9.1048E+3	1.1917E+5	6.6300E-2
1.1220E+4	8.4549E+3	1.0702E+5	6.6802E-2
1.2589E+4	7.8334E+3	9.5928E+4	6.7185E-2
1.4125E+4	7.2068E+3	8.5758E+4	6.7392E-2
1.5849E+4	6.6453E+3	7.6817E+4	6.7731E-2
1.7783E+4	6.1653E+3	6.8865E+4	6.8129E-2
1.9953E+4	5.7258E+3	6.1722E+4	6.8512E-2
2.2387E+4	5.3242E+3	5.5364E+4	6.8954E-2
2.5119E+4	4.9611E+3	4.9597E+4	6.9308E-2
2.8184E+4	4.6012E+3	4.4485E+4	6.9749E-2
3.1623E+4	4.2947E+3	3.9932E+4	7.0250E-2
3.5481E+4	3.9965E+3	3.5835E+4	7.0736E-2
3.9811E+4	3.7417E+3	3.2164E+4	7.1236E-2
4.4668E+4	3.4869E+3	2.8879E+4	7.1766E-2
5.0119E+4	3.2622E+3	2.5929E+4	7.2295E-2
5.6234E+4	3.0542E+3	2.3302E+4	7.2898E-2
6.3096E+4	2.8513E+3	2.0927E+4	7.3456E-2
7.0795E+4	2.6583E+3	1.8800E+4	7.4043E-2
7.9433E+4	2.4972E+3	1.6918E+4	7.4763E-2
8.9125E+4	2.3343E+3	1.5212E+4	7.5424E-2
1.0000E+5	2.1898E+3	1.3705E+4	7.6246E-2
1.1220E+5	2.0525E+3	1.2337E+4	7.7010E-2
1.2589E+5	1.9251E+3	1.1115E+4	7.7846E-2
1.4125E+5	1.8068E+3	1.0013E+4	7.8682E-2
1.5849E+5	1.6861E+3	9.0318E+3	7.9635E-2
1.7783E+5	1.5946E+3	8.1607E+3	8.0734E-2
1.9953E+5	1.4979E+3	7.3602E+3	8.1700E-2
2.2387E+5	1.4038E+3	6.6420E+3	8.2724E-2
2.5119E+5	1.3172E+3	5.9982E+3	8.3821E-2
2.8184E+5	1.2360E+3	5.4252E+3	8.5064E-2
3.1623E+5	1.1577E+3	4.9000E+3	8.6203E-2
3.5481E+5	1.0864E+3	4.4404E+3	8.7650E-2
3.9811E+5	1.0191E+3	4.0207E+3	8.9050E-2
4.4668E+5	9.5606E+2	3.6469E+3	9.0625E-2
5.0119E+5	8.9688E+2	3.3078E+3	9.2230E-2
5.6234E+5	8.4010E+2	2.9991E+3	9.3826E-2
6.3096E+5	7.8716E+2	2.7225E+3	9.5565E-2
7.0795E+5	7.3789E+2	2.4735E+3	9.7419E-2
7.9433E+5	6.9072E+2	2.2475E+3	9.9320E-2
8.9125E+5	6.4667E+2	2.0424E+3	1.0127E-1
1.0000E+6	6.0511E+2	1.8562E+3	1.0327E-1
1.1220E+6	5.6621E+2	1.6889E+3	1.0542E-1
1.2589E+6	5.3046E+2	1.5418E+3	1.0798E-1
1.4125E+6	4.9695E+2	1.4053E+3	1.1043E-1
1.5849E+6	4.6304E+2	1.2740E+3	1.1233E-1
1.7783E+6	4.3351E+2	1.1604E+3	1.1480E-1
1.9953E+6	4.0714E+2	1.0523E+3	1.1680E-1
2.2387E+6	3.9571E+2	9.6147E+2	1.1975E-1
2.5119E+6	3.6475E+2	8.8554E+2	1.2375E-1
2.8184E+6	3.3880E+2	8.0942E+2	1.2691E-1
3.1623E+6	3.1687E+2	7.4031E+2	1.3024E-1
3.5481E+6	2.9604E+2	6.7668E+2	1.3357E-1
3.9811E+6	2.7763E+2	6.1798E+2	1.3687E-1
4.4668E+6	2.6052E+2	5.6486E+2	1.4037E-1
5.0119E+6	2.4390E+2	5.1640E+2	1.4399E-1
5.6234E+6	2.2873E+2	4.7185E+2	1.4762E-1
6.3096E+6	2.1505E+2	4.3122E+2	1.5137E-1
7.0795E+6	2.0278E+2	3.9492E+2	1.5554E-1
7.9433E+6	1.9024E+2	3.6100E+2	1.5953E-1
8.9125E+6	1.8000E+2	3.2859E+2	1.6292E-1
1.0000E+7	1.7500E+2	3.0043E+2	1.6714E-1
1.0892E+7	1.7000E+2	2.8879E+2	1.7500E-1
1.1943E+7	1.6500E+2	2.8063E+2	1.8646E-1
1.3095E+7	1.6211E+2	2.6606E+2	1.9384E-1
1.4359E+7	1.6067E+2	2.5176E+2	2.0111E-1
1.5744E+7	1.4994E+2	2.4146E+2	2.1149E-1
1.7263E+7	1.4296E+2	2.1702E+2	2.0843E-1
1.8929E+7	1.3515E+2	2.0272E+2	2.1347E-1
2.0755E+7	1.2984E+2	1.9199E+2	2.2169E-1
2.2757E+7	1.2283E+2	1.7926E+2	2.2696E-1
2.4953E+7	1.1588E+2	1.6969E+2	2.3556E-1
2.7360E+7	1.1181E+2	1.5906E+2	2.4212E-1
3.0000E+7	1.0669E+2	1.4773E+2	2.4656E-1
3.2894E+7	1.0159E+2	1.3981E+2	2.5586E-1
3.6068E+7	9.7782E+1	1.3045E+2	2.6176E-1
3.9548E+7	9.3430E+1	1.2348E+2	2.7166E-1
4.3363E+7	8.9359E+1	1.1655E+2	2.8116E-1
4.7547E+7	8.5291E+1	1.0888E+2	2.8800E-1
5.2134E+7	8.1213E+1	1.0250E+2	2.9728E-1
5.7164E+7	7.8014E+1	9.6140E+1	3.0574E-1
6.2679E+7	7.4269E+1	9.0313E+1	3.1492E-1
6.8726E+7	7.1286E+1	8.4721E+1	3.2392E-1
7.5357E+7	6.8165E+1	7.9321E+1	3.3253E-1
8.2627E+7	6.5325E+1	7.4355E+1	3.4179E-1
9.0599E+7	6.2886E+1	6.9483E+1	3.5021E-1
9.9339E+7	6.0423E+1	6.5192E+1	3.6028E-1
1.0892E+8	5.8642E+1	6.1228E+1	3.7102E-1
1.1943E+8	5.6432E+1	5.7485E+1	3.8195E-1
1.3095E+8	5.4539E+1	5.3913E+1	3.9278E-1
1.4359E+8	5.2665E+1	5.0648E+1	4.0459E-1
1.5744E+8	5.1073E+1	4.7261E+1	4.1396E-1
1.7263E+8	4.9700E+1	4.3997E+1	4.2255E-1
1.8929E+8	4.8408E+1	4.1220E+1	4.3407E-1
2.0755E+8	4.6950E+1	3.8494E+1	4.4447E-1
2.2757E+8	4.5570E+1	3.5959E+1	4.5526E-1
2.4953E+8	4.4545E+1	3.3536E+1	4.6555E-1
2.7360E+8	4.3642E+1	3.1291E+1	4.7629E-1
3.0000E+8	4.2808E+1	2.9229E+1	4.8783E-1
3.2894E+8	4.1852E+1	2.7249E+1	4.9865E-1
3.6068E+8	4.1137E+1	2.5354E+1	5.0874E-1
3.9548E+8	4.0445E+1	2.3763E+1	5.2282E-1
4.3363E+8	3.9838E+1	2.2133E+1	5.3394E-1
4.7547E+8	3.9516E+1	2.0577E+1	5.4431E-1
5.2134E+8	3.8912E+1	1.9560E+1	5.6729E-1
5.7164E+8	3.8319E+1	1.8282E+1	5.8139E-1
6.2679E+8	3.7857E+1	1.7103E+1	5.9638E-1
6.8726E+8	3.7758E+1	1.6277E+1	6.2235E-1
7.5357E+8	3.7204E+1	1.4874E+1	6.2357E-1
8.2627E+8	3.6864E+1	1.4718E+1	6.7656E-1
9.0599E+8	3.7844E+1	1.3170E+1	6.6382E-1
9.9339E+8	3.6346E+1	1.3732E+1	7.5890E-1
1.0892E+9	3.6967E+1	1.2446E+1	7.5419E-1
1.1943E+9	3.6516E+1	1.2889E+1	8.5637E-1
1.3095E+9	3.5342E+1	1.2898E+1	9.3967E-1
1.4359E+9	3.5800E+1	1.2284E+1	9.8128E-1
1.5744E+9	3.6300E+1	1.1000E+1	1.0000E+0
1.6125E+9	3.6890E+1	1.1173E+1	1.0023E+0
1.6957E+9	3.6729E+1	1.1036E+1	1.0412E+0
1.7833E+9	3.6584E+1	1.0831E+1	1.0745E+0
1.8754E+9	3.6557E+1	1.0667E+1	1.1129E+0
1.9723E+9	3.6339E+1	1.0500E+1	1.1521E+0
2.0742E+9	3.6265E+1	1.0358E+1	1.1952E+0
2.1813E+9	3.6084E+1	1.0215E+1	1.2396E+0
2.2939E+9	3.5917E+1	1.0190E+1	1.3004E+0
2.4124E+9	3.5785E+1	1.0158E+1	1.3633E+0
2.5370E+9	3.5638E+1	1.0089E+1	1.4239E+0
2.6681E+9	3.5447E+1	1.0007E+1	1.4853E+0
2.8059E+9	3.5280E+1	1.0026E+1	1.5650E+0
2.9508E+9	3.5100E+1	1.0023E+1	1.6454E+0
3.1032E+9	3.4913E+1	9.9619E+0	1.7198E+0
3.2635E+9	3.4706E+1	9.9639E+0	1.8090E+0
3.4320E+9	3.4524E+1	1.0008E+1	1.9109E+0
3.6093E+9	3.4283E+1	1.0029E+1	2.0137E+0
3.7957E+9	3.4089E+1	9.9906E+0	2.1097E+0
3.9917E+9	3.3970E+1	1.0065E+1	2.2352E+0
4.1979E+9	3.3694E+1	1.0277E+1	2.4000E+0
4.4147E+9	3.3537E+1	1.0456E+1	2.5680E+0
4.6427E+9	3.3186E+1	1.0537E+1	2.7215E+0
4.8825E+9	3.2829E+1	1.0702E+1	2.9070E+0
5.1347E+9	3.2489E+1	1.0968E+1	3.1330E+0
5.3999E+9	3.2057E+1	1.1014E+1	3.3087E+0
5.6788E+9	3.1580E+1	1.1135E+1	3.5180E+0
5.9721E+9	3.1079E+1	1.1176E+1	3.7132E+0
6.2806E+9	3.0760E+1	1.1367E+1	3.9718E+0
6.6050E+9	3.0175E+1	1.1283E+1	4.1459E+0
6.9461E+9	2.9611E+1	1.1250E+1	4.3475E+0
7.3049E+9	2.9076E+1	1.1235E+1	4.5658E+0
7.6822E+9	2.8635E+1	1.1091E+1	4.7398E+0
8.0789E+9	2.8119E+1	1.1106E+1	4.9918E+0
8.4962E+9	2.7627E+1	1.0970E+1	5.1853E+0
8.9350E+9	2.7119E+1	1.0863E+1	5.3998E+0
9.3965E+9	2.6627E+1	1.0637E+1	5.5604E+0
9.8818E+9	2.6155E+1	1.0396E+1	5.7150E+0
1.0392E+10	2.5664E+1	1.0090E+1	5.8332E+0
1.0929E+10	2.5366E+1	9.8919E+0	6.0143E+0
1.1493E+10	2.4981E+1	9.5546E+0	6.1093E+0
1.2087E+10	2.4817E+1	9.2591E+0	6.2262E+0
1.2711E+10	2.4620E+1	9.0061E+0	6.3688E+0
1.3368E+10	2.4352E+1	8.5868E+0	6.3859E+0
1.4058E+10	2.4233E+1	8.4689E+0	6.6235E+0
1.4784E+10	2.4097E+1	8.3055E+0	6.8313E+0
1.5548E+10	2.4037E+1	7.9943E+0	6.9149E+0
1.6351E+10	2.3823E+1	7.8893E+0	7.1765E+0
1.7196E+10	2.3915E+1	7.7277E+0	7.3926E+0
1.8084E+10	2.3794E+1	7.7818E+0	7.8288E+0
1.9018E+10	2.3792E+1	7.6926E+0	8.1388E+0
2.0000E+10	2.3731E+1	7.6872E+0	8.5532E+0